3502557388
3772045532
3303326912
3301229768
3301754064
3302278360
3302802656
3370436800
3368339660
3369126100
3369650396
3437283556
3435187396
3435711692
3436235988
3436760284
3504393444
3502297284
3502821580
3503345876
3503870172
3571503332
3569407172
3569931468
3570455764
3570980060
3638613220
3636517060
3637041356
3637565652
3638089948
3705723108
3703626948
3704151244
3704675540
3705199836
3772832996
3770736836
3771261132
3771785428
3772309724
3839942884
3837846724
3838371020
3838895316
3839419612
3303072996
12632064